2 0.8143229166666667 0.389537037037037 0.83546875 0.39249999999999996 0.8556770833333334 0.389537037037037 0.8509895833333334 0.5505555555555556 0.8396875 0.5533333333333333 0.8105208333333334 0.5451851851851851
2 0.11953125 0.5503703703703704 0.2629166666666667 0.609537037037037 0.2643229166666667 0.3912962962962963 0.1184375 0.4088888888888889
4 0.0 0.571388888888889 0.10292187500000001 0.6212500000000001 0.19492708333333333 0.6712407407407408 0.22222916666666667 0.6809444444444444 0.23041666666666666 0.6867685185185185 0.23833333333333334 0.6887129629629629 0.2508958333333334 0.696962962962963 0.3196927083333333 0.7226851851851852 0.3353645833333333 0.7372222222222222 0.353 0.7435555555555555 0.374296875 0.7547222222222223 0.41525 0.7581203703703704 0.4234375 0.7610277777777777 0.43244791666666665 0.7697685185185186 0.43954687499999995 0.7843240740740741 0.5039583333333334 0.8331481481481481 0.5192708333333333 0.8475925925925926 0.5461458333333333 0.8531481481481481 0.5695833333333333 0.8530555555555556 0.5913437500000001 0.8692685185185185 0.60990625 0.8789722222222222 0.63175 0.8847962962962963 0.6475833333333333 0.885287037037037 0.7185677083333334 0.9100370370370371 0.787640625 0.9343055555555555 0.8381458333333334 0.9595462962962963 0.8815572916666666 0.9789537037037037 0.9290625 0.9964351851851853 0.9456249999999999 1.0 1.0 1.0 1.0 0.9441574074074075 1.0 0.6886111111111112 0.9225104166666667 0.6804629629629629 0.9104947916666667 0.6770648148148148 0.8672395833333333 0.6656481481481481 0.848796875 0.6576481481481481 0.8266822916666666 0.6484259259259259 0.8103020833333333 0.6382314814814815 0.7895520833333334 0.6251296296296296 0.7677083333333333 0.6052314814814814 0.7649791666666667 0.5829074074074073 0.7589739583333334 0.5731944444444445 0.72046875 0.5687962962962962 0.7081770833333334 0.5649074074074074 0.6915625 0.5600925925925926 0.6672395833333333 0.5527777777777778 0.6440364583333333 0.5450462962962963 0.606359375 0.5348518518518518 0.5894322916666667 0.5275740740740741 0.5763020833333333 0.5238888888888888 0.5599479166666667 0.52175 0.54625 0.5194444444444445 0.5328125 0.5140740740740741 0.5203593750000001 0.5081574074074073 0.51109375 0.5048148148148148 0.49797395833333336 0.4989351851851852 0.48432291666666666 0.49650925925925926 0.28556770833333334 0.46108333333333335 0.264 0.45622222222222225 0.1184375 0.4088888888888889 0.000265625 0.42564814814814816 0.0 0.4966388888888889
2 0.2860416666666667 0.41703703703703704 0.3046510416666666 0.4177037037037037 0.33249999999999996 0.4161111111111111 0.3318229166666667 0.6252777777777777 0.30333333333333334 0.6361111111111111 0.28562499999999996 0.6286111111111111
2 0.5147916666666666 0.3601666666666667 0.5125 0.4597222222222222 0.6638541666666666 0.4994444444444444 0.67015625 0.3423148148148148
2 0.33249999999999996 0.42148148148148146 0.3322395833333333 0.5137037037037037 0.4473958333333333 0.5568518518518518 0.48401041666666667 0.5532407407407407 0.4844791666666667 0.4366666666666667
3 0.0 0.571388888888889 0.0 0.571388888888889 0.10292187500000001 0.6212500000000001 0.19492708333333333 0.6712407407407408 0.22222916666666667 0.6809444444444444 0.23041666666666666 0.6867685185185185 0.23833333333333334 0.6887129629629629 0.2508958333333334 0.696962962962963 0.3196927083333333 0.7226851851851852 0.3353645833333333 0.7372222222222222 0.353 0.7435555555555555 0.374296875 0.7547222222222223 0.41525 0.7581203703703704 0.4234375 0.7610277777777777 0.43244791666666665 0.7697685185185186 0.43954687499999995 0.7843240740740741 0.5039583333333334 0.8331481481481481 0.5192708333333333 0.8475925925925926 0.5461458333333333 0.8531481481481481 0.5695833333333333 0.8530555555555556 0.5913437500000001 0.8692685185185185 0.60990625 0.8789722222222222 0.63175 0.8847962962962963 0.6475833333333333 0.885287037037037 0.7185677083333334 0.9100370370370371 0.787640625 0.9343055555555555 0.8381458333333334 0.9595462962962963 0.8815572916666666 0.9789537037037037 0.9290625 0.9964351851851853 0.9456249999999999 1.0 0.9456249999999999 1.0 0.9456249999999999 1.0 0.0 1.0 0.0 0.571388888888889
2 0.7027083333333334 0.3641666666666667 0.7397916666666667 0.3656481481481481 0.73625 0.5127777777777778 0.7202604166666667 0.5198148148148148 0.6989062500000001 0.5121296296296296
2 0.3963541666666667 0.4508333333333333 0.4478125 0.45129629629629625 0.44614583333333335 0.6738888888888889 0.43072916666666666 0.6823148148148148 0.42192708333333334 0.687037037037037 0.40786458333333336 0.6893518518518519 0.39291666666666664 0.6766666666666666
2 0.6561979166666667 0.5987037037037037 0.6608333333333333 0.5987962962962964 0.6549999999999999 0.8850925925925925 0.6492708333333332 0.8846296296296297
3 1.0 0.6886111111111112 1.0 0.6886111111111112 0.9225104166666667 0.6804629629629629 0.9104947916666667 0.6770648148148148 0.8672395833333333 0.6656481481481481 0.848796875 0.6576481481481481 0.8266822916666666 0.6484259259259259 0.8103020833333333 0.6382314814814815 0.7895520833333334 0.6251296296296296 0.7677083333333333 0.6052314814814814 0.7649791666666667 0.5829074074074073 0.7589739583333334 0.5731944444444445 0.72046875 0.5687962962962962 0.7081770833333334 0.5649074074074074 0.6915625 0.5600925925925926 0.6672395833333333 0.5527777777777778 0.6440364583333333 0.5450462962962963 0.606359375 0.5348518518518518 0.5894322916666667 0.5275740740740741 0.5763020833333333 0.5238888888888888 0.5599479166666667 0.52175 0.54625 0.5194444444444445 0.5328125 0.5140740740740741 0.5203593750000001 0.5081574074074073 0.51109375 0.5048148148148148 0.49797395833333336 0.4989351851851852 0.48432291666666666 0.49650925925925926 0.28556770833333334 0.46108333333333335 0.264 0.45622222222222225 0.2643229166666667 0.3912962962962963 0.486453125 0.36857407407407405 0.5147916666666666 0.3601666666666667 0.5133177083333333 0.42564814814814816 0.6682812499999999 0.4279814814814815 0.7000572916666666 0.43671296296296297 0.737078125 0.4454537037037037 0.8040625 0.4576851851851852 0.8055520833333334 0.40351851851851855 1.0 0.43194444444444446 1.0 0.6886111111111112
