5 0.5884375000000001 0.470703125 0.59221875 0.47392578125 0.596703125 0.47265625 0.5925390625 0.46900390625
5 0.3496796875 0.509013671875 0.34890625000000003 0.5146484375 0.3584375 0.5146484375 0.3590625 0.50888671875
5 0.5656953125 0.4532421875 0.5688046875 0.4559375 0.574609375 0.455263671875 0.571015625 0.45234375
5 0.6403515625 0.517939453125 0.643671875 0.522265625 0.6544140625 0.521318359375 0.6500781250000001 0.5166015625
5 0.8026953125 0.6581640625 0.815078125 0.654296875 0.8284375 0.666015625 0.815234375 0.6705078125
5 0.6814843749999999 0.55013671875 0.6865625 0.556640625 0.6971093749999999 0.5555078125 0.6890625 0.54876953125
5 0.8920312499999999 0.74228515625 0.904921875 0.7369140625 0.91875 0.75048828125 0.90625 0.75625
5 0.344921875 0.541015625 0.34390624999999997 0.547275390625 0.354609375 0.54736328125 0.3549609375 0.5408203125
5 0.356640625 0.46513671875 0.3633984375 0.465234375 0.3629296875 0.469140625 0.3559375 0.469140625
5 0.7325 0.59609375 0.743203125 0.60634765625 0.7533593749999999 0.6029296875 0.742421875 0.592578125
5 0.35359375000000004 0.4837890625 0.35275 0.489033203125 0.3604453125 0.4888671875 0.36112500000000003 0.4836328125
