5 0.36057291666666663 0.2587962962962963 0.36985416666666665 0.26175 0.3793229166666666 0.2485185185185185 0.38119791666666664 0.2490740740740741 0.3844791666666667 0.24249999999999997 0.37625 0.2403703703703704
5 0.7198958333333334 0.29203703703703704 0.7319791666666667 0.28990740740740745 0.74015625 0.30416666666666664 0.72703125 0.3051851851851852
0 0.0 0.4689814814814815 0.04770833333333333 0.44925925925925925 0.11130208333333333 0.42027777777777775 0.16572916666666665 0.39361111111111113 0.20463541666666665 0.37453703703703706 0.2528125 0.3433333333333333 0.3095833333333333 0.30379629629629634 0.32932291666666663 0.28694444444444445 0.35953124999999997 0.2556481481481482 0.37635416666666666 0.2363888888888889 0.39036458333333335 0.23407407407407407 0.47338541666666667 0.08074074074074074 0.5230729166666667 0.08166666666666667 0.5230729166666667 0.1965740740740741 0.5222916666666666 0.20574074074074072 0.5216145833333333 0.2071296296296296 0.5206770833333334 0.2086111111111111 0.5207291666666667 0.21314814814814814 0.5203645833333334 0.21935185185185185 0.5203125 0.22351851851851853 0.52078125 0.22546296296296298 0.5199739583333334 0.2287962962962963 0.5198958333333333 0.23249999999999998 0.5207864583333334 0.23646296296296296 0.5205208333333333 0.24620370370370367 0.5209895833333333 0.25092592592592594 0.5231770833333333 0.2537962962962963 0.5254166666666666 0.2537962962962963 0.5282291666666666 0.2539814814814815 0.53296875 0.25351851851851853 0.53515625 0.24981481481481482 0.535 0.24203703703703702 0.5360625 0.2371388888888889 0.5375104166666667 0.2282962962962963 0.5403125000000001 0.22833333333333333 0.5403645833333334 0.2375925925925926 0.5432291666666667 0.24592592592592594 0.5432291666666667 0.2525925925925926 0.5456249999999999 0.2544444444444445 0.5470833333333334 0.25842592592592595 0.5566666666666666 0.26 0.56265625 0.2582407407407407 0.5653645833333333 0.23712962962962966 0.5700000000000001 0.1975 0.5918229166666666 0.02925925925925926 0.65828125 0.03 0.6922916666666666 0.20453703703703704 0.6959375 0.2237962962962963 0.7 0.245462962962963 0.7078645833333332 0.24537037037037038 0.7148958333333333 0.2463888888888889 0.7192708333333333 0.2589814814814815 0.7263541666666666 0.27444444444444444 0.7364583333333333 0.2943518518518518 0.7483333333333333 0.3123148148148148 0.7666145833333334 0.33685185185185185 0.78765625 0.3585185185185185 0.8389062500000001 0.4011111111111111 0.8955208333333334 0.44185185185185183 0.9461458333333332 0.4735185185185185 0.9903125 0.4968518518518519 1.0 0.5015740740740741 1.0 1.0 0.0 0.9997777777777778 0.0 0.5911296296296296
5 0.9444270833333334 0.4749074074074074 0.9859895833333333 0.4977777777777778 0.9728645833333334 0.504074074074074 0.9319791666666667 0.48111111111111116
5 0.3459895833333333 0.2733333333333333 0.35744791666666664 0.2751851851851852 0.3695364583333333 0.2629259259259259 0.3590625 0.2602777777777778
5 0.29343749999999996 0.31833333333333336 0.30473958333333334 0.3213888888888889 0.3211979166666667 0.3068518518518518 0.3109375 0.3048148148148148
5 0.7190624999999999 0.28990740740740745 0.7316145833333334 0.28888888888888886 0.7180729166666667 0.2632407407407408 0.7066666666666667 0.2633333333333333
5 0.7538541666666667 0.3428703703703704 0.7699479166666666 0.35944444444444446 0.7842708333333334 0.3588888888888889 0.7688020833333333 0.34175925925925926
5 0.2033333333333333 0.3799074074074074 0.23588541666666665 0.35833333333333334 0.2588020833333333 0.36972222222222223 0.22619791666666667 0.39101851851851854
5 0.33067708333333334 0.2875925925925926 0.34265625 0.2892592592592592 0.3566822916666667 0.27617592592592594 0.34411458333333333 0.2749074074074074
5 0.7407291666666667 0.32425925925925925 0.7543229166666666 0.32425925925925925 0.76703125 0.3397222222222222 0.7515625 0.33999999999999997
5 0.7293229166666666 0.30842592592592594 0.7434375000000001 0.30777777777777776 0.7525 0.32166666666666666 0.7391666666666666 0.32203703703703707
5 0.31302083333333336 0.3031481481481481 0.32395833333333335 0.3051851851851852 0.34145833333333336 0.2903703703703704 0.32927083333333335 0.2891666666666667
5 0.2677083333333333 0.33370370370370367 0.28239583333333335 0.33675925925925926 0.30375 0.3225925925925926 0.2913020833333333 0.3196296296296296
5 0.03875 0.4551851851851852 0.08203125 0.4363888888888889 0.09129166666666667 0.4443333333333333 0.04645833333333334 0.46425925925925926
5 0.5093229166666666 0.25194444444444447 0.46937500000000004 0.2513888888888889 0.391875 0.2494444444444444 0.391875 0.24675925925925926 0.38765625 0.24666666666666665 0.3936458333333333 0.23629629629629628 0.43666666666666665 0.23768518518518517 0.4691666666666666 0.2389814814814815 0.5136979166666666 0.24074074074074073
5 0.7009479166666667 0.24735185185185185 0.7050989583333334 0.2597685185185185 0.7169427083333333 0.2597685185185185 0.7121875000000001 0.2480462962962963
5 0.6970937500000001 0.24551851851851855 0.7003645833333334 0.25478703703703703 0.5653072916666667 0.25022222222222223 0.5665572916666667 0.23969444444444446 0.6118854166666666 0.24205555555555558
