5 0.8920312499999999 0.74228515625 0.904921875 0.7369140625 0.91875 0.75048828125 0.90625 0.75625
5 0.328578125 0.646845703125 0.32610937500000003 0.661650390625 0.3443671875 0.66119140625 0.3456015625 0.64607421875
5 0.7321875 0.59794921875 0.7416406249999999 0.60634765625 0.7533593749999999 0.60302734375 0.743359375 0.59482421875
5 0.295390625 0.89921875 0.32515625 0.898046875 0.32265625 0.94423828125 0.2896875 0.94501953125
0 0.2817578125 0.999912109375 0.2894765625 0.923291015625 0.3177578125 0.7055078125 0.37492187499999996 0.34560546875 0.43796875 0.3435546875 0.5978125000000001 0.47197265625 0.8080468749999999 0.64638671875 0.942578125 0.76826171875 0.9998437499999999 0.821484375 1.0 1.0
5 0.314765625 0.74130859375 0.33703125 0.73984375 0.335 0.76513671875 0.31179687500000003 0.766015625
5 0.337609375 0.584609375 0.336375 0.594638671875 0.3505625 0.594638671875 0.3514296875 0.584150390625
5 0.5656953125 0.4532421875 0.5688046875 0.4559375 0.574609375 0.455263671875 0.571015625 0.45234375
5 0.6403515625 0.517939453125 0.644296875 0.5220703125 0.6539843750000001 0.52080078125 0.6500781250000001 0.5166015625
5 0.8026953125 0.6581640625 0.815078125 0.654296875 0.8284375 0.666015625 0.815234375 0.6705078125
