5 0.19442708333333333 0.3761111111111111 0.23135416666666667 0.3553703703703704 0.25604166666666667 0.36833333333333335 0.21916666666666668 0.389537037037037
5 0.7274479166666666 0.30444444444444446 0.7376041666666667 0.31972222222222224 0.7547916666666666 0.3176851851851852 0.7444270833333333 0.30324074074074076
5 0.26796875 0.3309259259259259 0.2815625 0.3362037037037037 0.30359375 0.3211111111111111 0.2899479166666667 0.3162962962962963
0 0.0 0.46490740740740744 0.10895833333333332 0.41777777777777775 0.24812499999999998 0.3447222222222222 0.3321354166666667 0.2814814814814815 0.378125 0.23092592592592592 0.39130208333333333 0.2313888888888889 0.414375 0.19018518518518518 0.4545833333333333 0.1187962962962963 0.52484375 0.12148148148148147 0.5240104166666667 0.19944444444444445 0.5206770833333334 0.20425925925925925 0.5197395833333334 0.21833333333333335 0.5193229166666666 0.2274074074074074 0.5206770833333334 0.23592592592592593 0.52140625 0.24592592592592594 0.5230729166666667 0.25324074074074077 0.531875 0.25101851851851853 0.53859375 0.2511111111111111 0.54453125 0.25296296296296295 0.5488020833333334 0.2569444444444444 0.55359375 0.26 0.5580208333333334 0.2613888888888889 0.5615625000000001 0.25842592592592595 0.5641145833333333 0.2534259259259259 0.5652604166666666 0.24703703703703705 0.5666666666666667 0.23564814814814813 0.5659375 0.2273148148148148 0.5661458333333333 0.21703703703703706 0.5686458333333333 0.20064814814814813 0.5797916666666667 0.12222222222222222 0.6787500000000001 0.1237037037037037 0.696203125 0.21531481481481482 0.70121875 0.24008333333333334 0.7083854166666667 0.24018518518518517 0.7164583333333333 0.24046296296296296 0.72515625 0.26416666666666666 0.7372916666666666 0.2902777777777778 0.75140625 0.31351851851851853 0.78078125 0.34703703703703703 0.8603124999999999 0.4134259259259259 1.0 0.4988888888888888 0.99984375 0.9991666666666665 0.0 1.0
5 0.7075 0.2657407407407407 0.7235937499999999 0.2650925925925926 0.73296875 0.2849074074074074 0.7171354166666667 0.28620370370370374
5 0.5729166666666666 0.23768518518518517 0.5703125 0.25 0.70375 0.25407407407407406 0.6991145833333333 0.23935185185185184
5 0.3119270833333333 0.29953703703703705 0.32348958333333333 0.3039814814814815 0.34078125 0.28953703703703704 0.3290104166666667 0.2859259259259259
5 0.39838541666666666 0.23083333333333333 0.5136979166666666 0.2375 0.50890625 0.25101851851851853 0.390625 0.24314814814814817
5 0.7384895833333334 0.3213888888888889 0.7514583333333333 0.3383333333333333 0.7692708333333333 0.3365740740740741 0.75546875 0.31916666666666665
5 0.71765625 0.2875925925925926 0.7263541666666666 0.30296296296296293 0.7433333333333334 0.30203703703703705 0.7333854166666666 0.2861111111111111
5 0.34510416666666666 0.2701851851851852 0.35661458333333335 0.27361111111111114 0.36682291666666667 0.26379629629629625 0.3564583333333333 0.2599074074074074
5 0.0378125 0.4502777777777778 0.04729166666666666 0.46129629629629626 0.09072916666666667 0.44101851851851853 0.08109374999999999 0.4310185185185185
5 0.29177083333333337 0.315 0.30416666666666664 0.3194444444444444 0.3225520833333333 0.3053703703703704 0.31020833333333336 0.3012037037037037
5 0.7524479166666667 0.33999999999999997 0.7682291666666666 0.35777777777777775 0.7878124999999999 0.35583333333333333 0.7698958333333333 0.3377777777777778
5 0.70140625 0.24666666666666665 0.7069791666666667 0.26351851851851854 0.7228645833333334 0.2627777777777778 0.7166666666666667 0.245462962962963
5 0.3302083333333333 0.28435185185185186 0.3420833333333333 0.28851851851851856 0.3560416666666667 0.275 0.3441666666666666 0.27166666666666667
5 0.9300520833333333 0.47759259259259257 0.9462499999999999 0.4676851851851852 0.9903125 0.4938888888888889 0.9743229166666667 0.5053703703703704
5 0.3572916666666667 0.2586111111111111 0.3677604166666667 0.2626851851851852 0.38875 0.2350925925925926 0.37963541666666667 0.23249999999999998
