5 0.328578125 0.646845703125 0.32610937500000003 0.661650390625 0.3443671875 0.66119140625 0.3456015625 0.64607421875
5 0.35359375000000004 0.4837890625 0.35275 0.489033203125 0.3604453125 0.4888671875 0.36112500000000003 0.4836328125
5 0.8026953125 0.6581640625 0.815078125 0.654296875 0.8284375 0.666015625 0.815234375 0.6705078125
0 0.2817578125 0.999912109375 0.2894765625 0.923291015625 0.3177578125 0.7055078125 0.37492187499999996 0.34560546875 0.43796875 0.3435546875 0.5978125000000001 0.47197265625 0.8080468749999999 0.64638671875 0.942578125 0.76826171875 0.9998437499999999 0.821484375 1.0 1.0
5 0.6814843749999999 0.55013671875 0.6865625 0.556640625 0.6971093749999999 0.5555078125 0.6890625 0.54876953125
5 0.295390625 0.89921875 0.32515625 0.898046875 0.32265625 0.94423828125 0.2896875 0.94501953125
5 0.7325 0.59609375 0.743203125 0.60634765625 0.7533593749999999 0.6029296875 0.742421875 0.592578125
5 0.5884375000000001 0.470703125 0.59221875 0.47392578125 0.596703125 0.47265625 0.5925390625 0.46900390625
5 0.3496796875 0.509013671875 0.34890625000000003 0.5146484375 0.3584375 0.5146484375 0.3590625 0.50888671875
5 0.314765625 0.74130859375 0.33703125 0.73984375 0.335 0.76513671875 0.31179687500000003 0.766015625
5 0.344921875 0.541015625 0.34390624999999997 0.547275390625 0.354609375 0.54736328125 0.3549609375 0.5408203125
5 0.5656953125 0.4532421875 0.5688046875 0.4559375 0.574609375 0.455263671875 0.571015625 0.45234375
5 0.8920312499999999 0.74228515625 0.904921875 0.7369140625 0.91875 0.75048828125 0.90625 0.75625
5 0.337609375 0.584609375 0.336375 0.594638671875 0.3505625 0.594638671875 0.3514296875 0.584150390625
5 0.356640625 0.46513671875 0.3633984375 0.465234375 0.3629296875 0.469140625 0.3559375 0.469140625
