5 0.29859375 0.31148148148148147 0.3134895833333333 0.31574074074074077 0.3409375 0.29157407407407404 0.3286979166666667 0.28805555555555556
5 0.39848958333333334 0.2383333333333333 0.51046875 0.24527777777777776 0.5091145833333334 0.2537962962962963 0.39484375 0.24574074074074073
5 0.7140625 0.24796296296296297 0.71640625 0.25805555555555554 0.7073958333333333 0.25842592592592595 0.7051041666666666 0.24870370370370373
5 0.7524479166666667 0.34388888888888886 0.7686458333333334 0.3403703703703704 0.7872395833333333 0.3597222222222222 0.7701041666666666 0.3627777777777778
5 0.7121875000000001 0.2800925925925926 0.7263020833333333 0.27796296296296297 0.7425520833333333 0.30583333333333335 0.7259895833333334 0.30666666666666664
5 0.2672916666666667 0.33342592592592596 0.28239583333333335 0.339537037037037 0.31255208333333334 0.3169444444444445 0.2972916666666666 0.31277777777777777
5 0.75109375 0.3427777777777778 0.7679166666666667 0.33925925925925926 0.74359375 0.30777777777777776 0.7266666666666667 0.30833333333333335
5 0.3773958333333333 0.24407407407407408 0.3852604166666667 0.24500000000000002 0.378125 0.2534259259259259 0.36947916666666664 0.25175925925925924
5 0.3467708333333333 0.2733333333333333 0.35734375 0.27564814814814814 0.37776041666666665 0.25435185185185183 0.36895833333333333 0.2525925925925926
5 0.5726041666666667 0.24138888888888888 0.6978541666666668 0.24612962962962961 0.6996875 0.2530555555555556 0.57109375 0.25046296296296294
5 0.9438541666666667 0.47333333333333333 0.9284374999999999 0.4815740740740741 0.9740104166666667 0.5060185185185185 0.9894270833333334 0.4984259259259259
5 0.33005208333333336 0.2871296296296296 0.3415104166666667 0.29055555555555557 0.35666666666666663 0.2765740740740741 0.3454166666666667 0.2740740740740741
5 0.20135416666666667 0.37962962962962965 0.23338541666666668 0.3623148148148148 0.2568229166666667 0.3700925925925926 0.22536458333333334 0.38842592592592595
0 0.0 0.46722222222222226 0.016458333333333335 0.46009259259259255 0.028177083333333335 0.45685185185185184 0.050812500000000003 0.4469814814814815 0.09348958333333333 0.4289814814814815 0.13072916666666667 0.4111111111111111 0.15385416666666665 0.39925925925925926 0.18531250000000002 0.3832407407407407 0.21281250000000002 0.3692592592592593 0.25343750000000004 0.3441666666666667 0.2836458333333333 0.3213888888888889 0.31628125 0.2962777777777778 0.34427083333333336 0.2726851851851852 0.36640625 0.2513888888888889 0.3788020833333333 0.23574074074074072 0.39057291666666666 0.23703703703703705 0.4345416666666667 0.15650925925925926 0.5051041666666667 0.1575925925925926 0.5246354166666667 0.20657407407407408 0.52078125 0.20833333333333334 0.5206770833333334 0.21601851851851853 0.5203125 0.22166666666666668 0.52078125 0.225 0.5200520833333333 0.23249999999999998 0.52125 0.23842592592592593 0.5207291666666667 0.24435185185185182 0.5209375 0.25027777777777777 0.5225520833333334 0.25407407407407406 0.5260416666666666 0.25435185185185183 0.5313020833333334 0.2539814814814815 0.5327604166666666 0.24916666666666668 0.5347395833333334 0.24314814814814817 0.535625 0.2363888888888889 0.5368229166666667 0.22898148148148148 0.5429166666666667 0.22916666666666666 0.5425520833333334 0.2362037037037037 0.5431770833333334 0.2437037037037037 0.542984375 0.2508240740740741 0.5441145833333334 0.2569444444444444 0.54875 0.2599074074074074 0.55234375 0.2599074074074074 0.5568229166666666 0.2601851851851852 0.5604166666666667 0.2593518518518519 0.563046875 0.2567685185185185 0.5650520833333333 0.24369444444444444 0.56571875 0.2389351851851852 0.57484375 0.16055555555555556 0.6828125 0.1627777777777778 0.7002604166666667 0.24648148148148147 0.715625 0.24731481481481485 0.7209375 0.26240740740740737 0.7307812499999999 0.28185185185185185 0.7453645833333333 0.30694444444444446 0.7665624999999999 0.334537037037037 0.7905208333333333 0.3588888888888889 0.82859375 0.3926851851851852 0.9000520833333333 0.4450925925925926 0.9608333333333333 0.47907407407407404 1.0 0.5005555555555555 1.0 0.9991666666666665 0.0 1.0
5 0.03723958333333333 0.4540740740740741 0.08057291666666666 0.4351851851851852 0.09177083333333333 0.4448148148148148 0.04692708333333333 0.46416666666666667
5 0.7041145833333334 0.2608333333333333 0.7177604166666666 0.26037037037037036 0.7257291666666668 0.27675925925925926 0.7114583333333333 0.2787962962962963
